00011110000000000000000000000000
00111111000000000000000000000000
00111111110000000000000000000000
00111111111100000000000000000000
00111111111111000000000000000000
00111111111111100000000000000000
00111111111111111000000000000000
00111111111111111110000000000000
00111111111111111111100000000000
00111111111111111111110000000000
00111111111111111111111100000000
00111111111111111111111111000000
00111111111111111111111111110000
00111111111111111111111111111000
00111111111111111111111111111100
00111111111111111111111111111100
00111111111111111111111111111100
00111111111111111111111111111100
00111111111111111111111111111000
00111111111111111111111111110000
00111111111111111111111111000000
00111111111111111111111100000000
00111111111111111111110000000000
00111111111111111111100000000000
00111111111111111110000000000000
00111111111111111000000000000000
00111111111111100000000000000000
00111111111111000000000000000000
00111111111100000000000000000000
00111111110000000000000000000000
00111111000000000000000000000000
00011110000000000000000000000000
